7094, 22, -57, -24, 1.39, 0.09, 0.14, 28161, -12544, -9986, 2055
16302, 29784, -30785, 15316, 0.51, 0.01, 1.24, -31999, -24832, -8962, 2087
18589, 5632, -4291, 658, 0.98, -0.09, 0.26, -22783, 27904, -2562, 2123
17872, -37, 19, -44, 1.08, -0.04, 0.08, -17407, 22272, 255, 2157
17844, -840, 337, -166, 0.98, -0.06, 0.16, -17663, 21248, 767, 2189
17982, -1296, 195, -197, 1.00, -0.01, 0.05, -17663, 21760, -514, 2222
17916, -1310, 301, -165, 1.08, -0.03, 0.05, -17407, 20224, -1026, 2255
17925, -1256, 258, -180, 1.04, -0.02, 0.02, -17151, 18944, -1282, 2289
17422, -1364, 237, -206, 0.96, -0.04, 0.14, -17407, 18176, -1794, 2323
17796, -1007, -55, -172, 0.97, -0.04, 0.13, -17663, 16896, -3074, 2357
17412, -1130, 166, -164, 0.97, -0.04, 0.13, -17663, 15872, -2306, 2391
17532, -1266, -77, -151, 0.97, -0.02, 0.10, -17151, 14848, -3842, 2425
18154, -1058, 171, -130, 0.99, -0.05, 0.11, -16383, 13312, -4354, 2460
17335, -865, -69, -153, 1.00, -0.01, 0.04, -17663, 13568, -3842, 2494
17249, -1355, 263, -204, 0.98, -0.05, 0.15, -16639, 11520, -4866, 2527
16911, -1114, 237, -205, 1.07, -0.02, 0.03, -17663, 11264, -5634, 2561
17268, -933, 297, -142, 0.96, -0.05, 0.14, -16383, 9216, -5634, 2595
17188, -1850, 180, -247, 1.07, -0.01, 0.00, -17151, 9216, -5890, 2629
17302, -1229, 267, -194, 0.98, -0.06, 0.16, -15871, 7168, -6914, 2662
17109, -1162, 115, -185, 0.98, -0.02, 0.07, -16895, 6400, -6914, 2696
17436, -2087, 302, -251, 0.98, -0.06, 0.16, -15871, 5376, -6402, 2730
16880, -1236, 71, -207, 1.03, 0.00, 0.01, -16639, 5120, -6914, 2763
17064, -1383, 246, -188, 1.01, -0.05, 0.13, -18175, 2816, -7682, 2796
17644, -1287, 65, -172, 1.06, 0.00, -0.02, -16127, 768, -8194, 2830
17329, -1235, 196, -217, 0.98, -0.04, 0.13, -15615, 256, -7938, 2863
17517, -1676, 224, -235, 1.00, -0.04, 0.10, -15615, -1537, -8194, 2896
17354, -1443, 176, -186, 1.06, 0.01, -0.04, -17663, -1793, -7170, 2929
16951, -1192, 60, -203, 1.00, -0.02, 0.07, -15871, -2561, -7426, 2963
17068, -1422, 159, -224, 1.04, -0.01, 0.00, -15615, -5121, -8194, 2997
16783, -1179, 54, -164, 1.03, 0.00, 0.02, -15359, -5889, -8962, 3030
4123, -1448, 132, -192, 1.00, -0.03, 0.08, -16639, -5633, -8962, 3063
16583, -1835, 60, -245, 0.99, -0.04, 0.12, -15615, -7681, -8706, 3097
17131, -1059, 59, -195, 0.98, -0.06, 0.14, -15103, -9217, -8706, 3130
14727, -877, 67, -125, 1.00, -0.04, 0.12, -15615, -9985, -8962, 3164
13632, -1401, 84, -207, 1.06, 0.02, -0.05, -14591, -11009, -8450, 3197
12742, -924, 78, -122, 1.02, 0.01, -0.00, -14591, -12545, -7682, 3231
10578, -1636, 74, -267, 1.02, -0.02, 0.07, -15103, -13825, -8706, 3265
10075, -1554, 125, -179, 0.99, -0.05, 0.14, -15615, -15105, -8962, 3298
9551, -1748, 204, -267, 0.99, -0.02, 0.08, -15359, -16897, -8194, 3332
9541, -1365, 153, -212, 1.00, -0.04, 0.12, -15615, -18433, -8194, 3366
9968, -1727, 180, -230, 0.99, -0.03, 0.11, -14335, -19201, -7682, 3400
10269, -1819, 113, -220, 1.01, -0.02, 0.06, -14591, -19969, -7426, 3434
12458, -970, 101, -137, 0.99, -0.07, 0.19, -14847, -21761, -7170, 3468
16729, -851, 77, -166, 1.01, -0.02, 0.07, -13823, -22785, -6658, 3502
17288, -1505, 114, -194, 1.07, -0.03, 0.14, -14847, -23809, -6146, 3536
17922, -938, 171, -211, 1.04, 0.01, 0.02, -14079, -25089, -6658, 3570
19342, -1359, 146, -160, 1.01, 0.00, 0.04, -15871, -25089, -4354, 3604
19049, -1800, 196, -219, 1.02, 0.00, 0.00, -14079, -27649, -5378, 3638
19331, -1132, 145, -188, 0.99, -0.07, 0.18, -14079, -27905, -5122, 3672
19431, -1300, 207, -153, 0.99, -0.04, 0.14, -13055, -30465, -4098, 3706
19592, -884, 91, -170, 1.04, 0.01, 0.00, -16127, -30977, -3842, 3741
19984, -1394, 178, -195, 0.98, -0.06, 0.19, -13055, -31745, -3842, 3774
19896, -1223, 92, -205, 1.00, -0.04, 0.11, -12287, 31999, -2306, 3809
20978, -1411, 141, -182, 0.99, -0.04, 0.14, -13823, 31487, -2050, 3842
20716, -1125, 88, -125, 1.02, -0.00, 0.02, -14335, 31487, -2050, 3876
21480, -1170, 148, -197, 1.00, -0.02, 0.10, -13055, 29695, -1026, 3910
21628, -367, 86, -123, 1.02, -0.02, 0.03, -13567, 28671, -514, 3944
21422, -1370, 160, -167, 0.99, -0.04, 0.14, -12799, 27903, -2, 3977
21203, -826, 55, -120, 1.00, -0.06, 0.15, -13055, 26623, -514, 4010
10543, -1170, 103, -222, 1.04, 0.02, -0.05, -14079, 25599, 1791, 4043
22595, -1695, 136, -223, 1.01, 0.00, 0.02, -12543, 23807, 1535, 4076
22561, -1109, 94, -188, 1.04, 0.00, -0.01, -12543, 24575, 2303, 4110
22625, -1174, 102, -174, 0.99, -0.05, 0.14, -13311, 23295, 4095, 4143
23924, -281, 83, -50, 1.01, -0.00, 0.03, -14847, 22015, 4351, 4126
23276, 22, 158, -25, 1.04, -0.03, 0.09, -12543, 22527, 3839, 4093
22989, 282, 165, -19, 1.00, -0.00, 0.03, -13823, 22783, 4351, 4061
22486, 910, 134, 52, 1.01, -0.02, 0.07, -14847, 23295, 3583, 4029
22817, 1151, 129, 63, 1.03, -0.03, 0.10, -10239, 23807, 2559, 3997
22142, 978, 116, 85, 1.01, 0.01, 0.01, -14335, 23551, 2303, 3964
21871, 1658, 57, 126, 1.00, -0.02, 0.08, -13823, 28671, 767, 3932
21757, 1289, 93, 81, 1.02, -0.04, 0.12, -13823, 27391, 511, 3900
21616, 1480, 184, 126, 1.01, -0.02, 0.06, -12287, 26879, 511, 3869
21057, 1240, 139, 68, 1.00, -0.01, 0.04, -14079, 27391, 511, 3836
20557, 1230, 57, 67, 1.00, -0.07, 0.16, -13311, 28415, 255, 3804
20511, 739, 73, 55, 1.02, -0.03, 0.08, -14335, 29951, -770, 3772
21057, 1473, 105, 90, 1.00, -0.03, 0.11, -14591, 30207, -1794, 3741
20397, 1052, 98, 33, 1.00, -0.02, 0.06, -14591, 30719, -1794, 3709
20146, 1831, 142, 150, 1.01, -0.08, 0.19, -15103, -32001, -2562, 3676
19753, 1743, 156, 168, 1.01, 0.00, 0.03, -14847, -31745, -3586, 3643
19908, 1545, 118, 120, 0.99, -0.06, 0.16, -14847, -30465, -3330, 3609
19885, 1215, 166, 57, 1.00, -0.00, 0.03, -15103, -30721, -3330, 3576
19718, 1546, 110, 138, 1.03, -0.04, 0.10, -14591, -28673, -4866, 3542
18885, 1869, 169, 127, 1.00, -0.02, 0.06, -14847, -27393, -5378, 3509
18382, 1814, 89, 140, 1.00, -0.04, 0.14, -15103, -26369, -5122, 3475
17901, 1804, 152, 161, 1.02, -0.08, 0.19, -12031, -24833, -7170, 3442
17405, 1419, 75, 84, 1.01, -0.06, 0.15, -15103, -24321, -5634, 3408
16031, 1331, 127, 100, 1.00, -0.01, 0.07, -15359, -22785, -7170, 3375
11539, 1115, 94, 71, 1.01, -0.00, 0.04, -16639, -20481, -6402, 3342
10413, 1390, 129, 99, 1.02, -0.05, 0.13, -15103, -20225, -7682, 3309
9651, 1384, 170, 107, 1.02, 0.01, 0.00, -15359, -19457, -6914, 3276
9423, 1500, 88, 137, 1.00, -0.05, 0.14, -15103, -17409, -8706, 3243
9221, 1724, 145, 179, 1.01, -0.02, 0.09, -15615, -15873, -8450, 3210
10192, 1184, 114, 75, 1.01, -0.01, 0.04, -15103, -16129, -9218, 3177
207, 1453, 134, 120, 0.99, -0.06, 0.16, -16383, -14081, -8706, 3143
14045, 2346, 119, 230, 1.01, -0.01, 0.06, -15615, -12801, -8194, 3110
14325, 1909, 139, 151, 1.03, -0.06, 0.14, -15615, -11777, -8450, 3077
16045, 1568, 119, 140, 1.02, 0.02, -0.02, -15871, -10497, -9218, 3043
16430, 1250, 103, 96, 1.00, -0.04, 0.11, -13567, -9217, -8962, 3009
17084, 1229, 179, 31, 1.01, 0.02, -0.02, -15871, -8449, -8450, 2977
17258, 1726, 98, 164, 1.00, -0.08, 0.17, -16639, -7169, -8706, 2944
17050, 1260, 139, 71, 1.00, -0.01, 0.06, -16383, -2817, -8450, 2911
16373, 1501, 109, 91, 1.01, 0.00, 0.01, -14591, -4865, -8706, 2878
16668, 1475, 36, 118, 1.01, -0.06, 0.14, -16895, -4097, -8962, 2845
16683, 2122, 86, 187, 1.00, -0.05, 0.14, -16127, -2049, -8194, 2813
16727, 1069, 110, 59, 1.01, 0.01, 0.00, -17407, -1, -8194, 2780
16964, 929, 89, 45, 1.02, -0.05, 0.11, -16639, -1, -8194, 2748
16856, 1324, 84, 71, 1.01, -0.02, 0.06, -17663, 1024, -7682, 2718
16426, 1275, 102, 105, 1.01, -0.07, 0.17, -15871, 768, -7682, 2685
17402, 1543, 99, 126, 1.00, -0.02, 0.06, -16895, 4096, -7170, 2653
16954, 1570, 84, 78, 1.00, -0.04, 0.10, -17151, 4608, -6914, 2620
17274, 1807, 132, 157, 0.98, -0.10, 0.23, -17151, 6144, -6914, 2588
17095, 1071, 161, 85, 1.01, 0.02, -0.01, -15615, 4864, -5890, 2555
17110, 1348, 87, 54, 1.02, 0.00, 0.00, -17407, 7424, -6658, 2523
17308, 1081, 62, 152, 1.00, -0.07, 0.16, -17407, 8960, -7170, 2491
17048, 1782, 114, 158, 1.01, -0.01, 0.05, -17407, 10240, -5890, 2459
17479, 993, 84, 56, 1.02, 0.01, -0.00, -14591, 9984, -5122, 2426
17336, 1407, 123, 117, 0.99, -0.08, 0.20, -17407, 12800, -5122, 2394
17398, 1739, 163, 138, 1.01, -0.03, 0.07, -17407, 13312, -5122, 2361
17527, 1033, 124, 81, 1.02, -0.05, 0.13, -17919, 13568, -4098, 2327
17116, 1237, 130, 109, 1.02, 0.02, -0.05, -18431, 15616, -2562, 2295
17838, 1387, 83, 113, 1.00, -0.04, 0.09, -17407, 16640, -2818, 2261
15819, 1695, 130, 161, 1.01, -0.08, 0.19, -18687, 16128, -2818, 2229
17738, 1588, 179, 100, 1.01, -0.01, 0.04, -16639, 18944, -2306, 2196
18312, 1232, 143, 83, 1.00, -0.04, 0.09, -18431, 19456, -2050, 2163
17807, 1754, 191, 178, 1.00, -0.00, 0.03, -17151, 19456, -770, 2130
18047, 1287, 103, 56, 1.01, -0.05, 0.11, -18943, 20480, -514, 2097
18413, 1386, 147, 99, 1.01, -0.03, 0.08, -18175, 21760, 511, 2065
18930, 1421, 122, 93, 1.02, 0.00, 0.00, -18687, 23040, 1279, 2033
