12571, 107, -1732, -17, 1.35, -0.02, 0.27
130, 19666, -27785, 10795, 1.21, 0.34, -0.11
33226, 12939, -27962, 2755, 0.41, -0.26, 1.00
33343, 114, -1319, 9, 1.01, -0.03, 0.06
33404, -22, 262, -27, 0.96, -0.03, 0.12
33573, -450, -23, -73, 0.99, -0.03, 0.07
12255, -548, 37, -76, 0.98, -0.06, 0.14
34705, -1164, 15, -154, 1.08, -0.02, 0.00
34884, -1459, -17, -164, 0.99, -0.06, 0.13
33704, -1108, 146, -152, 0.96, -0.05, 0.15
35508, -1034, 23, -161, 1.00, -0.05, 0.13
35932, -1006, 3, -145, 0.99, -0.02, 0.07
35811, -1429, 196, -217, 1.08, -0.03, 0.03
35956, -1368, 68, -182, 1.00, 0.00, 0.00
6606, -1655, 243, -207, 0.99, -0.04, 0.11
36973, -1167, 181, -159, 1.02, -0.04, 0.09
36260, -1003, 87, -157, 1.06, -0.04, 0.04
35901, -723, 183, -92, 1.00, -0.04, 0.10
36200, -1159, 160, -183, 1.01, -0.01, 0.03
36882, -1437, 153, -202, 1.00, -0.03, 0.08
37369, -1597, 200, -206, 1.00, -0.03, 0.06
36133, -1071, 158, -132, 1.04, -0.02, 0.02
35920, -646, 116, -100, 1.02, -0.02, 0.06
16649, -1020, 196, -191, 0.99, -0.06, 0.15
36926, -1697, 178, -223, 1.00, -0.02, 0.07
37731, -1407, 132, -231, 1.00, -0.04, 0.09
38039, -1141, 180, -134, 0.99, -0.06, 0.13
37614, -996, 148, -137, 0.99, -0.06, 0.14
38691, -1226, 136, -147, 1.00, -0.02, 0.06
36825, -1487, 166, -192, 1.00, -0.05, 0.12
40117, -1307, 167, -210, 1.05, -0.02, 0.03
40074, -763, 140, -107, 1.02, -0.01, 0.04
33203, -844, 189, -143, 0.98, -0.06, 0.17
38350, -1545, 164, -186, 1.00, -0.02, 0.06
38552, -1165, 111, -172, 1.00, -0.04, 0.10
36619, -1319, 153, -158, 0.98, -0.07, 0.19
37860, -593, -486, -96, 0.95, -0.02, 0.09
37582, -214, 85, -35, 1.01, -0.02, 0.06
11328, 67, 132, -24, 1.00, -0.02, 0.06
38316, 155, 154, -23, 1.01, -0.01, 0.03
38154, 76, 136, -29, 1.01, -0.01, 0.05
36746, 965, 113, 31, 1.00, -0.06, 0.15
37101, 1364, 121, 133, 1.02, -0.01, 0.04
38277, 1485, 97, 96, 1.01, -0.04, 0.09
38099, 1254, 112, 110, 1.02, 0.00, -0.01
40156, 1427, 110, 118, 0.99, -0.08, 0.18
39385, 1602, 91, 116, 1.02, 0.00, -0.00
38196, 1295, 122, 136, 1.02, -0.01, 0.04
38715, 1204, 90, 59, 1.01, -0.02, 0.06
37796, 1586, 150, 134, 1.00, -0.07, 0.16
37722, 2116, 117, 148, 0.99, -0.08, 0.19
37817, 1570, 119, 136, 1.02, -0.01, 0.02
38104, 958, 140, 153, 1.00, -0.04, 0.09
36281, 1306, 122, 101, 1.01, -0.02, 0.07
35279, 1285, 136, 66, 1.00, -0.06, 0.12
19904, 1088, 123, 58, 1.02, 0.02, -0.05
36897, 1317, 107, 141, 1.01, -0.03, 0.08
37433, 1060, 100, 76, 1.01, -0.05, 0.10
37373, 1333, 114, 112, 1.01, -0.03, 0.07
35621, 1162, 134, 131, 0.99, -0.07, 0.17
37251, 2052, 124, 190, 1.02, -0.00, 0.02
36277, 950, 150, 117, 1.00, -0.06, 0.15
37402, 987, 143, 66, 1.02, -0.02, 0.04
35380, 1089, 113, 36, 1.00, -0.03, 0.08
36472, 1318, 90, 104, 1.02, 0.00, -0.01
35943, 1601, 113, 126, 0.99, -0.08, 0.20
35756, 1563, 123, 143, 1.00, -0.06, 0.12
35083, 1698, 125, 128, 1.00, -0.04, 0.11
34159, 1231, 112, 62, 1.02, -0.02, 0.04
35538, 1138, 121, 99, 1.02, 0.02, -0.04
34738, 1281, 107, 88, 0.99, -0.09, 0.19
34564, 1973, 71, 143, 1.02, -0.01, 0.04
34097, 1729, 76, 124, 1.00, -0.04, 0.12
31194, 1254, 125, 93, 1.02, 0.00, -0.01
22715, 1111, 101, 135, 1.00, -0.08, 0.17
8694, 1457, 115, 100, 1.02, -0.01, 0.02
8273, 1179, 99, 125, 1.02, -0.02, 0.06
9214, 1447, 115, 135, 1.02, -0.02, 0.03
9201, 1517, 128, 135, 0.99, -0.06, 0.16
7987, 1602, 89, 139, 1.02, 0.01, -0.01
8046, 1265, 115, 118, 1.02, -0.00, 0.02
8508, 1097, 110, 95, 1.01, -0.05, 0.11
8953, 1309, 114, 87, 1.01, -0.03, 0.06
8577, 1219, 127, 85, 1.02, -0.00, 0.01
8343, 1819, 92, 85, 0.98, -0.11, 0.24
7879, 1113, 128, 52, 1.02, 0.00, 0.00
9430, 870, 109, 20, 1.01, -0.04, 0.08
9282, 1178, 117, 124, 1.01, -0.01, 0.03
9174, 1793, 127, 158, 0.98, -0.08, 0.20
8593, 1147, 91, 59, 1.03, 0.04, -0.09
8618, 1117, 146, 50, 1.00, -0.08, 0.17
9272, 1670, 99, 78, 1.02, -0.02, 0.07
9560, 1556, 98, 135, 1.01, -0.03, 0.06
9459, 1826, 114, 131, 0.99, -0.09, 0.20
8965, 1388, 139, 87, 0.99, -0.08, 0.17
8975, 1265, 101, 84, 1.02, 0.00, -0.01
9363, 1013, 121, 46, 1.01, -0.04, 0.10
7975, 1116, 91, 110, 1.01, -0.01, 0.03
10632, 1322, 109, 133, 1.02, 0.01, -0.02
6970, 2264, 95, 174, 1.02, -0.01, 0.02
7855, 1363, 98, 116, 1.00, -0.09, 0.18
6751, 1203, 121, 100, 1.02, 0.00, 0.00
6175, 1299, 145, 78, 1.01, -0.02, 0.02
9677, 2147, 65, 235, 0.98, -0.11, 0.25
16238, 1602, 128, 90, 1.00, -0.08, 0.16
34595, 1423, 118, 100, 1.02, 0.00, -0.00
38123, 1160, 114, 64, 1.01, -0.04, 0.10
37266, 1862, 117, 90, 1.00, -0.06, 0.14
36541, 876, 128, 74, 1.00, -0.05, 0.13
36528, 892, 94, 56, 1.02, 0.04, -0.10
35705, 1056, 112, 75, 1.00, -0.09, 0.19
35872, 80, 101, -32, 1.01, -0.04, 0.08
35747, 110, 151, -16, 1.01, -0.03, 0.07
35157, 59, 109, -25, 1.00, -0.03, 0.07
35616, -564, 149, -107, 1.01, -0.03, 0.09
37054, -1085, 121, -170, 1.00, -0.04, 0.10
37535, -786, 102, -126, 1.00, -0.05, 0.10
37685, -779, 110, -140, 1.01, -0.04, 0.08
37764, -1259, 154, -168, 1.01, -0.03, 0.07
35788, -827, 136, -122, 1.02, -0.03, 0.05
23144, -936, 107, -149, 1.02, -0.02, 0.05
8226, -1405, 114, -173, 1.01, -0.03, 0.07
6309, -1706, 137, -193, 1.01, -0.02, 0.04
7677, -933, 121, -168, 1.01, -0.06, 0.13
7143, -1101, 142, -106, 1.01, -0.07, 0.14
7631, -1126, 117, -160, 1.01, -0.02, 0.05
6903, -998, 118, -130, 1.00, -0.06, 0.13
8710, -1411, 130, -178, 1.01, -0.01, 0.04
9050, -1723, 141, -222, 1.02, -0.00, -0.01
9025, -1195, 146, -174, 1.00, -0.05, 0.11
9103, -1143, 89, -167, 1.00, -0.05, 0.12
9410, -1071, 106, -152, 1.01, -0.04, 0.09
9122, -1163, 127, -163, 1.00, -0.06, 0.15
8921, -1782, 106, -253, 1.02, 0.00, 0.01
8959, -1117, 115, -184, 1.00, -0.06, 0.13
8999, -926, 131, -129, 1.00, -0.05, 0.11
9288, -1263, 147, -166, 1.00, -0.05, 0.10
9245, -1578, 134, -185, 1.00, -0.05, 0.11
8437, -1677, 144, -223, 1.02, -0.00, 0.00
8464, -1409, 121, -199, 1.01, -0.00, 0.02
8791, -1621, 158, -214, 1.01, -0.02, 0.04
8516, -1171, 110, -181, 1.01, -0.03, 0.06
7722, -1442, 158, -187, 1.00, -0.05, 0.12
8792, -1244, 119, -161, 1.00, -0.04, 0.10
8013, -928, 117, -113, 1.02, -0.02, 0.04
9669, -1080, 108, -178, 1.01, -0.04, 0.09
8941, -1481, 148, -178, 1.02, -0.01, 0.02
