3945
3922
3898
3875
3853
3830
3807
3785
3762
3739
3716
3692
3670
3647
3624
3601
3578
3555
3533
3510
3486
3463
3441
3418
3395
3372
3350
3327
3304
3280
3257
3234
3211
3188
3166
3143
3120
3096
3073
3050
3027
3004
2982
2959
2936
2913
2889
2866
2844
2822
2799
2776
2753
2730
2707
2683
2660
2637
2614
2591
2568
2545
2522
2499
2476
2453
2430
2407
2384
2361
2338
2315
2292
2268
2245
2222
2199
2176
2154
2131
2108
2085
2062
2039
2016
1993
1970
1951
1974
1997
2020
2044
2067
2090
2113
2136
2159
2182
2205
2229
2252
2275
2297
2319
2342
2365
2388
2411
2435
2458
2481
2504
2527
2550
2573
2596
2619
2643
2665
2687
2710
2733
2756
2778
2801
2824
2848
2870
2893
2916
2939
2961
2984
3007
3030
3054
3077
3100
3123
3146
3169
3192
3215
3238
3262
3285
3308
3331
3354
3377
3400
3423
3447
3470
3492
3515
3538
3561
3584
3607
3630
3654
3677
3700
3723
3746
3769
3792
3815
3838
3862
3885
3908
3931
3954
3976
3999
4021
4044
4068
4091
4114
4137
4142
4119
4096
4074
4051
4027
4005
3982
3959
3936
3913
3890
3867
3844
3820
3797
3774
3751
3728
3705
3682
3659
3635
3612
3589
3566
3543
3520
3497
3475
3452
3428
3405
3382
3359
3336
3313
3290
3267
3244
3220
3197
3175
3152
3129
3106
3084
3061
3038
3014
2991
