2749
2727
2705
2683
2661
2638
2616
2595
2572
2550
2528
2506
2484
2462
2439
2417
2395
2372
2350
2328
2305
2283
2261
2238
2216
2194
2171
2149
2127
2105
2083
2061
2038
2016
1995
1972
1950
1970
1993
2015
2037
2060
2082
2104
2127
2149
2171
2194
2216
2238
2261
2283
2304
2327
2349
2371
2394
2415
2437
2460
2482
2504
2527
2549
2571
2594
2616
2638
2661
2683
2705
2728
2750
2772
2795
2817
2839
2862
2884
2906
2929
2951
2973
2996
3018
3041
3063
3085
3108
3130
3152
3175
3197
3219
3242
3264
3286
3309
3330
3352
3375
3397
3418
3441
3463
3485
3506
3528
3550
3572
3595
3616
3638
3661
3683
3705
3728
3750
3772
3795
3817
3839
3862
3884
3906
3929
3951
3974
3996
4018
4041
4063
4084
4105
4128
4150
4130
4108
4086
4064
4041
4019
3997
3974
3953
3931
3908
3886
3864
3841
3819
3797
3774
3752
3730
3707
3685
3663
3641
3619
3597
3574
3553
3531
3508
3486
3464
3442
3420
3398
3375
3354
3332
3309
3287
3266
3243
3221
3199
3176
3155
3133
3110
3088
3066
3043
3021
2999
2976
2954
2933
2910
2888
2866
2843
2821
2799
2776
2754
2732
2710
2688
2666
2643
2621
2600
2577
2555
2533
2512
2490
2468
2445
2423
2401
2378
2356
2334
2311
2290
2268
2245
2223
2202
2179
2157
2135
2112
2091
2069
2046
2024
2002
1979
1957
1963
1986
2008
2030
2053
