47268
47224
47594
47569
47194
47538
47483
47441
26321
45493
18283
13923
12593
12127
12983
12398
12047
11904
11057
6698
7503
7223
7250
6765
7392
6483
6568
5877
6997
6221
6211
6159
6589
5804
5667
5833
6330
6406
6506
5973
6598
6859
6239
5645
5949
6108
5783
6804
5412
6398
5121
5943
6609
5827
6651
6338
6661
5892
6423
6102
5321
6455
7620
7994
12548
17241
15296
38914
151
139
144
208
82
64
20741
105
87
24481
65047
9967
40321
8234
49483
7878
7535
7338
7187
9496
23365
23943
23715
44766
33249
7063
7401
7853
8259
7930
8381
9763
9923
41493
27302
28070
15493
239
190
140
75
133
86
57
8967
4548
6667
6645
7021
6947
5677
5173
5787
6029
6301
6620
6707
7327
6737
5903
6815
6780
6159
6467
6292
6606
6382
6440
6178
6522
5924
5945
6794
6687
6046
6357
6099
7334
7298
6819
6819
6561
7346
7724
7451
7421
8164
7066
6902
7669
8776
10165
10845
11930
12222
12669
10700
13648
13822
13660
15940
44022
47501
47498
47838
47445
47629
31513
47625
47215
47630
47193
47200
47255
47559
47269
47452
47743
47041
47224
47775
10459
47442
47361
46957
47046
47551
47355
47248
47017
47491
47336
31984
6056
26093
14415
14302
13712
13302
12578
12616
11812
12102
10659
9474
9530
8509
8248
8384
8485
8571
8586
7774
7637
8073
7707
8378
8389
7748
8088
8576
9191
8401
8479
8469
7996
