16048
16077
16909
-13117
1920
-32099
32216
12733
9837
9135
7614
7941
7427
7061
7125
6859
6411
12451
32149
-31541
4237
31207
23707
10104
30067
31009
-32448
28817
28625
3577
-26659
-9144
23345
16101
29597
27665
18335
16849
17263
17682
17530
16308
13736
16042
21432
23223
22519
25445
27375
27453
30029
30235
-32438
-32426
-30633
-31259
-28365
-26912
-29704
12048
6385
6474
7277
7094
7626
7964
7608
9061
9839
10863
24979
18149
16682
19100
19556
18656
18579
17803
17836
17970
18000
17781
17793
17430
17600
16696
17107
16981
17078
16750
16698
15730
16259
16216
15471
15911
15688
16018
16093
15733
15606
15711
15928
15825
15981
15735
15683
15884
16100
15920
16057
16084
16075
16462
16734
17697
-29529
-25688
-25318
-25800
-25616
-26075
-25975
-26630
-26675
-25538
-24051
-21740
-19675
-17674
-15976
26532
20729
-16867
25071
547
-17120
10180
-17108
-17153
-16962
-16773
-16777
-16904
-17090
-18942
-20395
-23252
-25058
-26183
-26367
-25618
-26264
-25684
-25901
-25440
-25596
-25557
-27018
16821
17423
16529
16005
15439
15775
15740
15442
15588
15829
15458
15586
15383
15120
15541
15434
15501
15973
15909
13690
4754
16313
16325
8941
16506
16823
17267
595
17188
16556
17004
17473
17322
18006
17614
17835
17648
17542
17788
17736
18148
18234
19447
20180
21174
21762
22041
22074
21473
22936
22492
27141
7377
7729
7272
7148
9763
-29372
18223
-28784
24858
29937
-32089
14264
32640
30697
28408
-11310
20738
26324
24650
24192
8560
14795
18812
19710
16888
17150
17324
17949
16249
